2.common---111111111111111111-555
23423
2234
23
main12.common---111111111111111111-555
23423
2234
23
main12.common---111111111111111111-555
23423
2234
23
main12.common---111111111111111111-555
23423
2234
23
main12.common---111111111111111111-555
23423
2234
23
main12.common---111111111111111111-555
23423
2234
23
main12.common---111111111111111111-555
23423
2234
23
main12.common---111111111111111111-555
23423
2234
23
main12.common---111111111111111111-555
23423
2234
23
main12.common---111111111111111111-555
23423
2234
23
main1